13
20
55
77
91
106
132
187
189
200
224
235
279
343
425
438
451
470
489
501
530
565
609
626
659
694
715
731
771
780
827
837
933
959
964
998
1012
1021
1028
1056
1131
1178
1224
1364
1445
1541
1805
1828
2082
2095
2103
2131
2140
2161
2190
2200
2212
2226
2271
2299
2354
2408
2530
2563
2579
2600
2608
2633
3677
2691
2714
2730
2741
2755
2799
2808
2848
2862
2884
2898
2917
2931
2934
2949
2991
3003
3005
3007
3012
3025
3074
3086
3098
3135
3145
3201
3205
3228
3232
3269
3278
3300
3341
3350
3371
3400
3409
3419
3434
3446
3451
3486
3500
3594
3606
3625
3643
3671
3675
3711
3750
3758
3793
3801
3808
3859
3940
3993
4133
4152
4161
4244
4298
4375
4385
4410
4438
4486
4508
4513
4560
4566
4601
4632
4648
4774
4821
4843
4869
4886
4954
4976
5018
5108
5359
5408
5420
5487
5574
5593
5611
5622
5648
5856
5884
5948
5973
6050
6067
6142
6203
6242
6292
6304
6316
6365
6427
6446
6459
6472
6546
6579
6601
6611
6665
6782
6795
6803
6905
6915
6995
7169
7193
7213
7243
7390
7410
7504
7655
7726
7753
7780
7791
7792
7822
7834
7846
7869
7951
7980
7998
8020
8052
8062
8074
8102
8118
8227
8263
8280
8306
8315
8342
8352
8368
8525
8578
8600
8619
8758
8777
8787
8801
8848
8874
8893
9064
9085
9098
9133
9137
9295
9324
9375
9473
9503
9533
9567
9592
9612
9634
9684
9705
9741
9751
9996
10105
10149
10159
10208
10218
10703
10757
10767
10793
10804
10849
10868
10887
10908
10923
10949
11016
11034
11185
11216
11263
11273
11335
11472
11544
11591